0 -4.40301
1 -4.38453
2 -4.38453
3 -4.31088
4 -4.30811
5 -4.26594
6 -4.16861
7 -4.16042
8 -4.15681
9 -4.15681
10 -4.15681
11 -4.15681
12 -4.15681
13 -4.15681
14 -4.15681
15 -4.15681
16 -4.15681
17 -4.15681
18 -4.15681
19 -4.15681
20 -4.15681
21 -4.15681
22 -4.15681
23 -4.15681
24 -4.07648
25 -4.06791
26 -4.06791
27 -4.06791
28 -4.06791
29 -4.06791
30 -4.06791
31 -4.06791
32 -4.06791
33 -4.06791
34 -4.06791
35 -4.06791
36 -4.06791
37 -4.06791
38 -4.06791
39 -4.06791
40 -4.06791
41 -4.06791
42 -4.06791
43 -4.06791
44 -4.06791
45 -4.03635
46 -4.03635
47 -4.03635
48 -4.03635
49 -4.03635
50 -4.03635
51 -4.03635
52 -4.03635
53 -4.03635
54 -4.03635
55 -4.03635
56 -4.02952
57 -4.02952
58 -4.02952
59 -4.00455
60 -3.91835
61 -3.91835
62 -3.91835
63 -3.91835
64 -3.91835
65 -3.91835
66 -3.91835
67 -3.91835
68 -3.91835
69 -3.91835
70 -3.91835
71 -3.91835
72 -3.91835
73 -3.91835
74 -3.91835
75 -3.91835
76 -3.91835
77 -3.91376
78 -3.91119
79 -3.83422
80 -3.42983
81 -3.46092
82 -3.3108
83 -3.57759
84 -3.47527
85 -3.28708
86 -3.33214
87 -3.47741
88 -3.3108
89 -3.6898
90 -3.28708
91 -3.57759
92 -3.33214
93 -3.48867
94 -3.48867
95 -3.47527
96 -3.48867
97 -3.28708
98 -3.3108
99 -3.28708
100 -4.50438
101 -4.49687
102 -4.4486
103 -4.4486
104 -4.4486
105 -4.4486
106 -4.4486
107 -4.4486
108 -4.4486
109 -4.43685
110 -4.43685
111 -4.43506
112 -4.43506
113 -4.42767
114 -4.42767
115 -4.41986
116 -4.41986
117 -4.41986
118 -4.41406
119 -4.41316
120 -4.41316
121 -4.41316
122 -4.41047
123 -4.41047
124 -4.4078
125 -4.40301
126 -4.40301
127 -4.40301
128 -4.40301
129 -4.40301
130 -4.40301
131 -4.40301
132 -4.40301
133 -4.40301
134 -4.40301
135 -4.40301
136 -4.40301
137 -4.40301
138 -4.40301
139 -4.40301
140 -4.40301
141 -4.40301
142 -4.40301
143 -4.40301
144 -4.40301
145 -4.40301
146 -4.39918
147 -4.39397
148 -4.39397
149 -4.3547
150 -4.3547
151 -4.34804
152 -4.34804
153 -4.34804
154 -4.34804
155 -4.34804
156 -4.34804
157 -4.34118
158 -4.34118
159 -4.34118
160 -4.34118
161 -4.34118
162 -4.34118
163 -4.34118
164 -4.34118
165 -4.33858
166 -4.33221
167 -4.32995
168 -4.3177
169 -4.3177
170 -4.30536
171 -4.30536
172 -4.30536
173 -4.27948
174 -4.27948
175 -4.27576
176 -4.23361
177 -4.23061
178 -4.23061
179 -4.22321
180 -4.20039
181 -4.22321
182 -4.22321
183 -4.20039
184 -4.22321
185 -4.20039
186 -4.20039
187 -4.22321
188 -4.22321
189 -4.22321
190 -4.20039
191 -4.20039
192 -4.22321
193 -4.20039
194 -4.22321
195 -4.20039
196 -4.22321
197 -4.22321
198 -4.20039
199 -4.20039
200 -4.53942
201 -4.53942
202 -4.53942
203 -4.53942
204 -4.53942
205 -4.52272
206 -4.50203
207 -4.49687
208 -4.49687
209 -4.49687
210 -4.49687
211 -4.47925
212 -4.47925
213 -4.47925
214 -4.47925
215 -4.47925
216 -4.47925
217 -4.47925
218 -4.47925
219 -4.47925
220 -4.47925
221 -4.47925
222 -4.47925
223 -4.47925
224 -4.47925
225 -4.47925
226 -4.47925
227 -4.47925
228 -4.47925
229 -4.47925
230 -4.47925
231 -4.47925
232 -4.47925
233 -4.47925
234 -4.47925
235 -4.47925
236 -4.47925
237 -4.47925
238 -4.47925
239 -4.47925
240 -4.47925
241 -4.47925
242 -4.47925
243 -4.47925
244 -4.47925
245 -4.47925
246 -4.47925
247 -4.47925
248 -4.47925
249 -4.47925
250 -4.47925
251 -4.47925
252 -4.47925
253 -4.47925
254 -4.47925
255 -4.47925
256 -4.47925
257 -4.47925
258 -4.47925
259 -4.47925
260 -4.47925
261 -4.47925
262 -4.47925
263 -4.47925
264 -4.47925
265 -4.47925
266 -4.47925
267 -4.47925
268 -4.47925
269 -4.47925
270 -4.47925
271 -4.47925
272 -4.47925
273 -4.47925
274 -4.47925
275 -4.47925
276 -4.47925
277 -4.47925
278 -4.47925
279 -4.47925
280 -4.47299
281 -4.47299
282 -4.47925
283 -4.473
284 -4.4707
285 -4.47299
286 -4.47925
287 -4.47299
288 -4.47925
289 -4.47299
290 -4.47925
291 -4.47925
292 -4.47299
293 -4.4707
294 -4.47925
295 -4.4707
296 -4.47925
297 -4.47925
298 -4.4707
299 -4.4707
300 -4.61166
301 -4.56786
302 -4.56786
303 -4.56786
304 -4.56786
305 -4.56786
306 -4.56786
307 -4.56786
308 -4.56786
309 -4.56786
310 -4.56786
311 -4.56786
312 -4.56786
313 -4.56786
314 -4.56786
315 -4.56786
316 -4.56786
317 -4.56786
318 -4.56786
319 -4.56786
320 -4.56786
321 -4.56786
322 -4.56786
323 -4.56786
324 -4.56786
325 -4.56786
326 -4.56786
327 -4.56786
328 -4.56786
329 -4.56786
330 -4.56786
331 -4.56786
332 -4.56786
333 -4.56786
334 -4.56786
335 -4.56786
336 -4.56786
337 -4.56786
338 -4.56786
339 -4.56786
340 -4.56786
341 -4.56786
342 -4.56786
343 -4.56786
344 -4.56786
345 -4.56786
346 -4.56786
347 -4.56786
348 -4.56786
349 -4.56786
350 -4.56786
351 -4.56786
352 -4.56786
353 -4.56786
354 -4.56786
355 -4.56786
356 -4.56786
357 -4.56786
358 -4.56786
359 -4.56786
360 -4.56786
361 -4.56786
362 -4.56786
363 -4.56786
364 -4.56786
365 -4.56786
366 -4.56786
367 -4.56786
368 -4.56786
369 -4.56786
370 -4.56786
371 -4.56786
372 -4.56786
373 -4.56786
374 -4.56786
375 -4.56786
376 -4.56786
377 -4.56786
378 -4.56786
379 -4.56786
380 -4.56786
381 -4.55447
382 -4.56786
383 -4.55372
384 -4.56786
385 -4.56786
386 -4.55447
387 -4.56786
388 -4.56786
389 -4.55476
390 -4.56786
391 -4.56786
392 -4.56786
393 -4.55447
394 -4.56786
395 -4.55476
396 -4.56786
397 -4.55372
398 -4.56786
399 -4.56786
400 -4.61763
401 -4.61763
402 -4.61763
403 -4.61763
404 -4.61763
405 -4.61763
406 -4.61763
407 -4.61763
408 -4.61763
409 -4.61763
410 -4.61763
411 -4.61763
412 -4.61763
413 -4.61763
414 -4.61519
415 -4.61519
416 -4.61519
417 -4.61519
418 -4.61519
419 -4.61519
420 -4.61519
421 -4.61519
422 -4.61519
423 -4.59344
424 -4.59344
425 -4.59344
426 -4.59344
427 -4.59344
428 -4.59344
429 -4.59344
430 -4.59344
431 -4.58966
432 -4.58966
433 -4.58966
434 -4.58966
435 -4.58966
436 -4.58966
437 -4.58966
438 -4.58966
439 -4.58966
440 -4.58966
441 -4.58966
442 -4.58966
443 -4.58966
444 -4.58966
445 -4.58966
446 -4.58966
447 -4.58966
448 -4.58966
449 -4.58966
450 -4.58966
451 -4.58966
452 -4.58966
453 -4.58966
454 -4.58966
455 -4.58966
456 -4.58966
457 -4.58966
458 -4.58966
459 -4.58966
460 -4.58966
461 -4.58966
462 -4.58966
463 -4.58966
464 -4.58966
465 -4.58966
466 -4.58966
467 -4.58966
468 -4.58966
469 -4.58966
470 -4.58966
471 -4.58966
472 -4.58966
473 -4.58966
474 -4.58966
475 -4.58966
476 -4.58966
477 -4.58966
478 -4.58966
479 -4.58966
480 -4.58966
481 -4.58966
482 -4.58966
483 -4.58966
484 -4.58966
485 -4.58966
486 -4.58966
487 -4.58966
488 -4.58966
489 -4.58966
490 -4.58966
491 -4.58966
492 -4.58966
493 -4.58966
494 -4.58966
495 -4.58966
496 -4.58966
497 -4.58966
498 -4.58966
499 -4.58966
500 -4.61969
501 -4.61969
502 -4.61969
503 -4.61969
504 -4.61969
505 -4.61969
506 -4.61969
507 -4.61969
508 -4.61969
509 -4.61969
510 -4.61969
511 -4.61969
512 -4.61969
513 -4.61969
514 -4.61969
515 -4.61969
516 -4.61969
517 -4.61969
518 -4.61969
519 -4.61969
520 -4.61969
521 -4.61969
522 -4.61969
523 -4.61969
524 -4.61969
525 -4.61969
526 -4.61969
527 -4.61969
528 -4.61969
529 -4.61969
530 -4.61969
531 -4.61969
532 -4.61969
533 -4.61969
534 -4.61969
535 -4.61969
536 -4.61969
537 -4.61969
538 -4.61969
539 -4.61969
540 -4.61969
541 -4.61969
542 -4.61969
543 -4.61969
544 -4.61969
545 -4.61969
546 -4.61969
547 -4.61969
548 -4.61969
549 -4.61969
550 -4.61969
551 -4.61969
552 -4.61969
553 -4.61969
554 -4.61969
555 -4.61969
556 -4.61969
557 -4.61969
558 -4.61969
559 -4.61969
560 -4.61969
561 -4.61969
562 -4.61969
563 -4.61969
564 -4.61969
565 -4.61969
566 -4.61969
567 -4.61969
568 -4.61969
569 -4.61969
570 -4.61969
571 -4.61969
572 -4.61969
573 -4.61969
574 -4.61969
575 -4.61969
576 -4.61969
577 -4.61969
578 -4.61969
579 -4.61969
580 -4.61969
581 -4.61969
582 -4.61969
583 -4.61969
584 -4.61969
585 -4.61969
586 -4.61969
587 -4.61969
588 -4.61969
589 -4.61969
590 -4.61969
591 -4.61969
592 -4.61969
593 -4.61969
594 -4.61969
595 -4.61969
596 -4.61969
597 -4.61969
598 -4.61969
599 -4.61969
600 -4.61998
601 -4.61998
602 -4.61998
603 -4.61998
604 -4.61998
605 -4.61998
606 -4.61998
607 -4.61998
608 -4.61998
609 -4.61998
610 -4.61998
611 -4.61998
612 -4.61998
613 -4.61998
614 -4.61998
615 -4.61998
616 -4.61998
617 -4.61998
618 -4.61998
619 -4.61998
620 -4.61998
621 -4.61998
622 -4.61998
623 -4.61998
624 -4.61998
625 -4.61998
626 -4.61998
627 -4.61998
628 -4.61998
629 -4.61998
630 -4.61998
631 -4.61998
632 -4.61998
633 -4.61998
634 -4.61998
635 -4.61998
636 -4.61998
637 -4.61998
638 -4.61998
639 -4.61998
640 -4.61998
641 -4.61998
642 -4.61998
643 -4.61998
644 -4.61998
645 -4.61998
646 -4.61998
647 -4.61998
648 -4.61998
649 -4.61998
650 -4.61998
651 -4.61998
652 -4.61998
653 -4.61998
654 -4.61998
655 -4.61998
656 -4.61998
657 -4.61998
658 -4.61998
659 -4.61998
660 -4.61998
661 -4.61998
662 -4.61998
663 -4.61998
664 -4.61998
665 -4.61998
666 -4.61998
667 -4.61998
668 -4.61998
669 -4.61998
670 -4.61998
671 -4.61998
672 -4.61998
673 -4.61998
674 -4.61998
675 -4.61998
676 -4.61998
677 -4.61998
678 -4.61998
679 -4.61998
680 -4.61998
681 -4.61998
682 -4.61998
683 -4.61998
684 -4.61998
685 -4.61998
686 -4.61998
687 -4.61998
688 -4.61998
689 -4.61998
690 -4.61998
691 -4.61998
692 -4.61998
693 -4.61998
694 -4.61998
695 -4.61998
696 -4.61998
697 -4.61998
698 -4.61998
699 -4.61998
700 -4.61998
701 -4.61998
702 -4.61998
703 -4.61998
704 -4.61998
705 -4.61998
706 -4.61998
707 -4.61998
708 -4.61998
709 -4.61998
710 -4.61998
711 -4.61998
712 -4.61998
713 -4.61998
714 -4.61998
715 -4.61998
716 -4.61998
717 -4.61998
718 -4.61998
719 -4.61998
720 -4.61998
721 -4.61998
722 -4.61998
723 -4.61998
724 -4.61998
725 -4.61998
726 -4.61998
727 -4.61998
728 -4.61998
729 -4.61998
730 -4.61998
731 -4.61998
732 -4.61998
733 -4.61998
734 -4.61998
735 -4.61998
736 -4.49698
737 -4.41268
738 -4.29394
739 -4.29371
740 -4.29371
741 -4.29371
742 -4.29371
743 -4.29371
744 -4.29371
745 -4.29371
746 -4.29371
747 -4.07831
748 -4.07831
749 -4.07831
750 -4.07831
751 -4.07831
752 -4.07831
753 -4.07831
754 -4.06234
755 -4.06234
756 -4.06234
757 -4.06234
758 -4.06234
759 -4.06234
760 -4.06234
761 -4.06234
762 -4.06234
763 -4.06234
764 -4.06234
765 -4.06234
766 -4.06234
767 -4.06234
768 -4.06234
769 -4.06234
770 -4.06234
771 -4.06234
772 -4.06234
773 -4.06234
774 -4.06234
775 -4.06234
776 -4.06234
777 -4.06234
778 -4.06234
779 -4.06234
780 -4.06234
781 -4.06234
782 -4.06234
783 -4.06234
784 -4.06234
785 -4.06234
786 -4.06234
787 -4.06234
788 -4.06234
789 -4.06234
790 -4.06234
791 -4.06234
792 -4.06234
793 -4.06234
794 -4.06234
795 -4.06234
796 -4.06234
797 -4.06234
798 -4.05443
799 -4.06234
800 -4.61998
801 -4.61998
802 -4.61998
803 -4.61998
804 -4.61998
805 -4.61998
806 -4.61998
807 -4.61998
808 -4.61998
809 -4.61998
810 -4.61998
811 -4.61998
812 -4.61998
813 -4.61998
814 -4.61998
815 -4.61998
816 -4.61998
817 -4.61998
818 -4.61998
819 -4.61998
820 -4.61998
821 -4.61998
822 -4.61998
823 -4.61998
824 -4.61998
825 -4.61998
826 -4.61998
827 -4.61998
828 -4.61998
829 -4.61998
830 -4.61998
831 -4.61998
832 -4.61998
833 -4.61998
834 -4.61998
835 -4.61998
836 -4.61998
837 -4.61998
838 -4.61998
839 -4.61998
840 -4.61998
841 -4.61998
842 -4.61998
843 -4.61996
844 -4.61996
845 -4.61996
846 -4.61996
847 -4.61996
848 -4.61985
849 -4.61985
850 -4.61985
851 -4.61983
852 -4.61941
853 -4.61941
854 -4.61941
855 -4.61941
856 -4.61941
857 -4.61941
858 -4.61941
859 -4.61941
860 -4.61941
861 -4.61941
862 -4.61941
863 -4.61941
864 -4.61941
865 -4.61941
866 -4.61941
867 -4.61941
868 -4.61941
869 -4.61941
870 -4.61941
871 -4.61941
872 -4.61941
873 -4.61941
874 -4.61941
875 -4.61941
876 -4.61941
877 -4.61941
878 -4.61941
879 -4.61941
880 -4.59575
881 -4.4208
882 -4.49698
883 -4.61941
884 -4.61941
885 -4.61941
886 -4.42404
887 -4.49698
888 -4.61941
889 -4.61941
890 -4.49698
891 -4.59575
892 -4.49698
893 -4.49698
894 -4.59504
895 -4.61941
896 -4.4208
897 -4.61941
898 -4.61941
899 -4.49698
900 -4.61999
901 -4.61999
902 -4.61998
903 -4.61998
904 -4.61998
905 -4.61998
906 -4.61998
907 -4.61998
908 -4.61998
909 -4.61998
910 -4.61998
911 -4.61998
912 -4.61998
913 -4.61998
914 -4.61998
915 -4.61998
916 -4.61998
917 -4.61998
918 -4.61998
919 -4.61998
920 -4.61998
921 -4.61998
922 -4.61998
923 -4.61998
924 -4.61998
925 -4.61998
926 -4.61998
927 -4.61998
928 -4.61998
929 -4.61998
930 -4.61998
931 -4.61998
932 -4.61998
933 -4.61998
934 -4.61998
935 -4.61998
936 -4.61998
937 -4.61998
938 -4.61998
939 -4.61998
940 -4.61998
941 -4.61998
942 -4.61998
943 -4.61998
944 -4.61998
945 -4.61998
946 -4.61998
947 -4.61998
948 -4.61998
949 -4.61998
950 -4.61998
951 -4.61998
952 -4.61998
953 -4.61998
954 -4.61998
955 -4.61998
956 -4.61998
957 -4.61998
958 -4.61998
959 -4.61998
960 -4.61998
961 -4.61998
962 -4.61998
963 -4.61998
964 -4.61998
965 -4.61998
966 -4.61998
967 -4.61998
968 -4.61998
969 -4.61998
970 -4.61998
971 -4.61998
972 -4.61998
973 -4.61998
974 -4.61998
975 -4.61998
976 -4.61998
977 -4.61998
978 -4.61998
979 -4.61998
980 -4.61998
981 -4.61998
982 -4.61998
983 -4.61998
984 -4.61998
985 -4.61998
986 -4.61998
987 -4.61998
988 -4.61998
989 -4.61998
990 -4.61998
991 -4.61998
992 -4.61998
993 -4.61998
994 -4.61998
995 -4.61998
996 -4.61998
997 -4.61998
998 -4.61998
999 -4.61998
1000 -4.61999
1001 -4.61999
1002 -4.61999
1003 -4.61999
1004 -4.61999
1005 -4.61999
1006 -4.61999
1007 -4.61999
1008 -4.61999
1009 -4.61999
1010 -4.61999
1011 -4.61999
1012 -4.61999
1013 -4.61999
1014 -4.61999
1015 -4.61999
1016 -4.61999
1017 -4.61999
1018 -4.61999
1019 -4.61999
1020 -4.61999
1021 -4.61999
1022 -4.61999
1023 -4.61999
1024 -4.61999
1025 -4.61999
1026 -4.61999
1027 -4.61999
1028 -4.61999
1029 -4.61999
1030 -4.61999
1031 -4.61999
1032 -4.61999
1033 -4.61999
1034 -4.61999
1035 -4.61999
1036 -4.61999
1037 -4.61999
1038 -4.61999
1039 -4.61999
1040 -4.61999
1041 -4.61999
1042 -4.61999
1043 -4.61999
1044 -4.61999
1045 -4.61999
1046 -4.61999
1047 -4.61999
1048 -4.61999
1049 -4.61999
1050 -4.61999
1051 -4.61999
1052 -4.61999
1053 -4.61999
1054 -4.61999
1055 -4.61999
1056 -4.61999
1057 -4.61999
1058 -4.61999
1059 -4.61999
1060 -4.61999
1061 -4.61999
1062 -4.61999
1063 -4.61999
1064 -4.61999
1065 -4.61999
1066 -4.61999
1067 -4.61999
1068 -4.61999
1069 -4.61999
1070 -4.61999
1071 -4.61999
1072 -4.61999
1073 -4.61999
1074 -4.61999
1075 -4.61999
1076 -4.61999
1077 -4.61999
1078 -4.61999
1079 -4.61999
1080 -4.61999
1081 -4.61998
1082 -4.61999
1083 -4.61998
1084 -4.61999
1085 -4.61998
1086 -4.61998
1087 -4.61998
1088 -4.61998
1089 -4.61998
1090 -4.61998
1091 -4.61998
1092 -4.61999
1093 -4.61998
1094 -4.61998
1095 -4.61998
1096 -4.61998
1097 -4.61998
1098 -4.61998
1099 -4.61998
1100 -4.61999
1101 -4.61999
1102 -4.61999
1103 -4.61999
1104 -4.61999
1105 -4.61999
1106 -4.61999
1107 -4.61999
1108 -4.61999
1109 -4.61999
1110 -4.61999
1111 -4.61999
1112 -4.61999
1113 -4.61999
1114 -4.61999
1115 -4.61999
1116 -4.61999
1117 -4.61999
1118 -4.61999
1119 -4.61999
1120 -4.61999
1121 -4.61999
1122 -4.61999
1123 -4.61999
1124 -4.61999
1125 -4.61999
1126 -4.61999
1127 -4.61999
1128 -4.61999
1129 -4.61999
1130 -4.61999
1131 -4.61999
1132 -4.61999
1133 -4.61999
1134 -4.61999
1135 -4.61999
1136 -4.61999
1137 -4.61999
1138 -4.61999
1139 -4.61999
1140 -4.61999
1141 -4.61999
1142 -4.61999
1143 -4.61999
1144 -4.61999
1145 -4.61999
1146 -4.61999
1147 -4.61999
1148 -4.61999
1149 -4.61999
1150 -4.61999
1151 -4.61999
1152 -4.61999
1153 -4.61999
1154 -4.61999
1155 -4.61999
1156 -4.61999
1157 -4.61999
1158 -4.61999
1159 -4.61999
1160 -4.61999
1161 -4.61999
1162 -4.61999
1163 -4.61999
1164 -4.61999
1165 -4.61999
1166 -4.61999
1167 -4.61999
1168 -4.61999
1169 -4.61999
1170 -4.61999
1171 -4.61999
1172 -4.61999
1173 -4.61999
1174 -4.61999
1175 -4.61999
1176 -4.61999
1177 -4.61998
1178 -4.61998
1179 -4.61998
1180 -4.28962
1181 -4.58305
1182 -4.61998
1183 -4.29189
1184 -4.29938
1185 -4.61998
1186 -4.61998
1187 -4.61998
1188 -4.61998
1189 -4.61998
1190 -4.2953
1191 -4.61998
1192 -4.61998
1193 -4.28962
1194 -4.61998
1195 -4.61998
1196 -4.08908
1197 -4.61998
1198 -4.50374
1199 -4.61998
1200 -4.61999
1201 -4.61999
1202 -4.61999
1203 -4.61999
1204 -4.61999
1205 -4.61999
1206 -4.61999
1207 -4.61999
1208 -4.61999
1209 -4.61999
1210 -4.61999
1211 -4.61999
1212 -4.61999
1213 -4.61999
1214 -4.61999
1215 -4.61999
1216 -4.61999
1217 -4.61999
1218 -4.61999
1219 -4.61999
1220 -4.61999
1221 -4.61999
1222 -4.61999
1223 -4.61999
1224 -4.61999
1225 -4.61999
1226 -4.61999
1227 -4.61999
1228 -4.61999
1229 -4.61999
1230 -4.61999
1231 -4.61999
1232 -4.61999
1233 -4.61999
1234 -4.61999
1235 -4.61999
1236 -4.61999
1237 -4.61999
1238 -4.61999
1239 -4.61999
1240 -4.61999
1241 -4.61999
1242 -4.61999
1243 -4.61999
1244 -4.61999
1245 -4.61999
1246 -4.61999
1247 -4.61999
1248 -4.61999
1249 -4.61999
1250 -4.61999
1251 -4.61999
1252 -4.61999
1253 -4.61999
1254 -4.61999
1255 -4.61999
1256 -4.61999
1257 -4.61999
1258 -4.61999
1259 -4.61999
1260 -4.61999
1261 -4.61999
1262 -4.61999
1263 -4.61999
1264 -4.61999
1265 -4.61999
1266 -4.61999
1267 -4.61999
1268 -4.61999
1269 -4.61999
1270 -4.61999
1271 -4.61999
1272 -4.61999
1273 -4.61999
1274 -4.61999
1275 -4.61999
1276 -4.61999
1277 -4.61999
1278 -4.61999
1279 -4.61999
1280 -4.61999
1281 -4.61999
1282 -4.61999
1283 -4.61999
1284 -4.61999
1285 -4.61999
1286 -4.61999
1287 -4.61999
1288 -4.61999
1289 -4.61999
1290 -4.61999
1291 -4.61999
1292 -4.61999
1293 -4.61999
1294 -4.61999
1295 -4.61999
1296 -4.61999
1297 -4.61999
1298 -4.61999
1299 -4.61999
1300 -4.61999
1301 -4.61999
1302 -4.61999
1303 -4.61999
1304 -4.61999
1305 -4.61999
1306 -4.61999
1307 -4.61999
1308 -4.61999
1309 -4.61999
1310 -4.61999
1311 -4.61999
1312 -4.61999
1313 -4.61999
1314 -4.61999
1315 -4.61999
1316 -4.61999
1317 -4.61999
1318 -4.61999
1319 -4.61999
1320 -4.61999
1321 -4.61999
1322 -4.61999
1323 -4.61999
1324 -4.61999
1325 -4.61999
1326 -4.61999
1327 -4.61999
1328 -4.61999
1329 -4.61999
1330 -4.61999
1331 -4.61999
1332 -4.61999
1333 -4.61999
1334 -4.61999
1335 -4.61999
1336 -4.61999
1337 -4.61999
1338 -4.61999
1339 -4.61999
1340 -4.61999
1341 -4.61999
1342 -4.61999
1343 -4.61999
1344 -4.61999
1345 -4.61999
1346 -4.61999
1347 -4.61999
1348 -4.61999
1349 -4.61999
1350 -4.61999
1351 -4.61999
1352 -4.61999
1353 -4.61999
1354 -4.61999
1355 -4.61999
1356 -4.61999
1357 -4.61999
1358 -4.61999
1359 -4.61999
1360 -4.61999
1361 -4.61999
1362 -4.61999
1363 -4.61999
1364 -4.61999
1365 -4.61999
1366 -4.61999
1367 -4.61999
1368 -4.61999
1369 -4.61999
1370 -4.61999
1371 -4.61999
1372 -4.61999
1373 -4.61999
1374 -4.61999
1375 -4.61999
1376 -4.61999
1377 -4.61999
1378 -4.61999
1379 -4.61999
1380 -4.61999
1381 -4.61999
1382 -4.61999
1383 -4.61999
1384 -4.61999
1385 -4.61999
1386 -4.61999
1387 -4.61999
1388 -4.61999
1389 -4.61999
1390 -4.61999
1391 -4.61999
1392 -4.61999
1393 -4.61999
1394 -4.61999
1395 -4.61999
1396 -4.61999
1397 -4.61999
1398 -4.61999
1399 -4.61999
1400 -4.61999
1401 -4.61999
1402 -4.61999
1403 -4.61999
1404 -4.61999
1405 -4.61999
1406 -4.61999
1407 -4.61999
1408 -4.61999
1409 -4.61999
1410 -4.61999
1411 -4.61999
1412 -4.61999
1413 -4.61999
1414 -4.61999
1415 -4.61999
1416 -4.61999
1417 -4.61999
1418 -4.61999
1419 -4.61999
1420 -4.61999
1421 -4.61999
1422 -4.61999
1423 -4.61999
1424 -4.61999
1425 -4.61999
1426 -4.61999
1427 -4.61999
1428 -4.61999
1429 -4.61999
1430 -4.61999
1431 -4.61999
1432 -4.61999
1433 -4.61999
1434 -4.61999
1435 -4.61999
1436 -4.61999
1437 -4.61999
1438 -4.61999
1439 -4.61999
1440 -4.61999
1441 -4.61999
1442 -4.61999
1443 -4.61999
1444 -4.61999
1445 -4.61999
1446 -4.61999
1447 -4.61999
1448 -4.61999
1449 -4.61999
1450 -4.61999
1451 -4.61999
1452 -4.61999
1453 -4.61999
1454 -4.61999
1455 -4.61999
1456 -4.61999
1457 -4.61999
1458 -4.61999
1459 -4.61999
1460 -4.61999
1461 -4.61999
1462 -4.61999
1463 -4.61999
1464 -4.61999
1465 -4.61999
1466 -4.61999
1467 -4.61999
1468 -4.61999
1469 -4.61999
1470 -4.61999
1471 -4.61999
1472 -4.61999
1473 -4.61999
1474 -4.61999
1475 -4.61999
1476 -4.61999
1477 -4.61999
1478 -4.61999
1479 -4.61999
1480 -4.61999
1481 -4.61999
1482 -4.61999
1483 -4.61999
1484 -4.61999
1485 -4.61999
1486 -4.61999
1487 -4.61999
1488 -4.61999
1489 -4.61999
1490 -4.61999
1491 -4.61999
1492 -4.61999
1493 -4.61999
1494 -4.61999
1495 -4.61999
1496 -4.61999
1497 -4.61999
1498 -4.61999
1499 -4.61999
1500 -4.61999
1501 -4.61999
1502 -4.61999
1503 -4.61999
1504 -4.61999
1505 -4.61999
1506 -4.61999
1507 -4.61999
1508 -4.61999
1509 -4.61999
1510 -4.61999
1511 -4.61999
1512 -4.61999
1513 -4.61999
1514 -4.61999
1515 -4.61999
1516 -4.61999
1517 -4.61999
1518 -4.61999
1519 -4.61999
1520 -4.61999
1521 -4.61999
1522 -4.61999
1523 -4.61999
1524 -4.61999
1525 -4.61999
1526 -4.61999
1527 -4.61999
1528 -4.61999
1529 -4.61999
1530 -4.61999
1531 -4.61999
1532 -4.61999
1533 -4.61999
1534 -4.61999
1535 -4.61999
1536 -4.61999
1537 -4.61999
1538 -4.61999
1539 -4.61999
1540 -4.61999
1541 -4.61999
1542 -4.61999
1543 -4.61999
1544 -4.61999
1545 -4.61999
1546 -4.61999
1547 -4.61999
1548 -4.61999
1549 -4.61999
1550 -4.61999
1551 -4.61999
1552 -4.61999
1553 -4.61999
1554 -4.61999
1555 -4.61999
1556 -4.61999
1557 -4.61999
1558 -4.61999
1559 -4.61999
1560 -4.61999
1561 -4.61999
1562 -4.61999
1563 -4.61999
1564 -4.61999
1565 -4.61999
1566 -4.61999
1567 -4.61999
1568 -4.61999
1569 -4.61999
1570 -4.61999
1571 -4.61999
1572 -4.61999
1573 -4.61999
1574 -4.61999
1575 -4.61999
1576 -4.61999
1577 -4.61999
1578 -4.61999
1579 -4.61999
1580 -4.61999
1581 -4.61999
1582 -4.61999
1583 -4.61999
1584 -4.61999
1585 -4.61999
1586 -4.61999
1587 -4.61999
1588 -4.61999
1589 -4.61999
1590 -4.61999
1591 -4.61999
1592 -4.61999
1593 -4.61999
1594 -4.61999
1595 -4.61999
1596 -4.61999
1597 -4.61999
1598 -4.61999
1599 -4.61999
1600 -4.61999
1601 -4.61999
1602 -4.61999
1603 -4.61999
1604 -4.61999
1605 -4.61999
1606 -4.61999
1607 -4.61999
1608 -4.61999
1609 -4.61999
1610 -4.61999
1611 -4.61999
1612 -4.61999
1613 -4.61999
1614 -4.61999
1615 -4.61999
1616 -4.61999
1617 -4.61999
1618 -4.61999
1619 -4.61999
1620 -4.61999
1621 -4.61999
1622 -4.61999
1623 -4.61999
1624 -4.61999
1625 -4.61999
1626 -4.61999
1627 -4.61999
1628 -4.61999
1629 -4.61999
1630 -4.61999
1631 -4.61999
1632 -4.61999
1633 -4.61999
1634 -4.61999
1635 -4.61999
1636 -4.61999
1637 -4.61999
1638 -4.61999
1639 -4.61999
1640 -4.61999
1641 -4.61999
1642 -4.61999
1643 -4.61999
1644 -4.61999
1645 -4.61999
1646 -4.61999
1647 -4.61999
1648 -4.61999
1649 -4.61999
1650 -4.61999
1651 -4.61999
1652 -4.61999
1653 -4.61999
1654 -4.61999
1655 -4.61999
1656 -4.61999
1657 -4.61999
1658 -4.61999
1659 -4.61999
1660 -4.61999
1661 -4.61999
1662 -4.61999
1663 -4.61999
1664 -4.61999
1665 -4.61999
1666 -4.61999
1667 -4.61999
1668 -4.61999
1669 -4.61999
1670 -4.61999
1671 -4.61999
1672 -4.61999
1673 -4.61999
1674 -4.61999
1675 -4.61999
1676 -4.61999
1677 -4.61999
1678 -4.61999
1679 -4.61999
1680 -4.61999
1681 -4.61999
1682 -4.61999
1683 -4.61999
1684 -4.61999
1685 -4.61999
1686 -4.61999
1687 -4.61999
1688 -4.61999
1689 -4.61999
1690 -4.61999
1691 -4.61999
1692 -4.61999
1693 -4.61999
1694 -4.61999
1695 -4.61999
1696 -4.61999
1697 -4.61999
1698 -4.61999
1699 -4.61999
1700 -4.61999
1701 -4.61999
1702 -4.61999
1703 -4.61999
1704 -4.61999
1705 -4.61999
1706 -4.61999
1707 -4.61999
1708 -4.61999
1709 -4.61999
1710 -4.61999
1711 -4.61999
1712 -4.61999
1713 -4.61999
1714 -4.61999
1715 -4.61999
1716 -4.61999
1717 -4.61999
1718 -4.61999
1719 -4.61999
1720 -4.61999
1721 -4.61999
1722 -4.61999
1723 -4.61999
1724 -4.61999
1725 -4.61999
1726 -4.61999
1727 -4.61999
1728 -4.61999
1729 -4.61999
1730 -4.61999
1731 -4.61999
1732 -4.61999
1733 -4.61999
1734 -4.61999
1735 -4.61999
1736 -4.61999
1737 -4.61999
1738 -4.61999
1739 -4.61999
1740 -4.61999
1741 -4.61999
1742 -4.61999
1743 -4.61999
1744 -4.61999
1745 -4.61999
1746 -4.61999
1747 -4.61999
1748 -4.61999
1749 -4.61999
1750 -4.61999
1751 -4.61999
1752 -4.61999
1753 -4.61999
1754 -4.61999
1755 -4.61999
1756 -4.61999
1757 -4.61999
1758 -4.61999
1759 -4.61999
1760 -4.61999
1761 -4.61999
1762 -4.61999
1763 -4.61999
1764 -4.61999
1765 -4.61999
1766 -4.61999
1767 -4.61999
1768 -4.61999
1769 -4.61999
1770 -4.61999
1771 -4.61999
1772 -4.61999
1773 -4.61999
1774 -4.61999
1775 -4.61999
1776 -4.61999
1777 -4.61999
1778 -4.61999
1779 -4.61999
1780 -4.61999
1781 -4.61999
1782 -4.61999
1783 -4.61999
1784 -4.61999
1785 -4.61999
1786 -4.61999
1787 -4.61999
1788 -4.61999
1789 -4.61999
1790 -4.61999
1791 -4.61999
1792 -4.61999
1793 -4.61999
1794 -4.61999
1795 -4.61999
1796 -4.61999
1797 -4.61999
1798 -4.61999
1799 -4.61999
1800 -4.61999
1801 -4.61999
1802 -4.61999
1803 -4.61999
1804 -4.61999
1805 -4.61999
1806 -4.61999
1807 -4.61999
1808 -4.61999
1809 -4.61999
1810 -4.61999
1811 -4.61999
1812 -4.61999
1813 -4.61999
1814 -4.61999
1815 -4.61999
1816 -4.61999
1817 -4.61999
1818 -4.61999
1819 -4.61999
1820 -4.61999
1821 -4.61999
1822 -4.61999
1823 -4.61999
1824 -4.61999
1825 -4.61999
1826 -4.61999
1827 -4.61999
1828 -4.61999
1829 -4.61999
1830 -4.61999
1831 -4.61999
1832 -4.61999
1833 -4.61999
1834 -4.61999
1835 -4.61999
1836 -4.61999
1837 -4.61999
1838 -4.61999
1839 -4.61999
1840 -4.61999
1841 -4.61999
1842 -4.61999
1843 -4.61999
1844 -4.61999
1845 -4.61999
1846 -4.61999
1847 -4.61999
1848 -4.61999
1849 -4.61999
1850 -4.61999
1851 -4.61999
1852 -4.61999
1853 -4.61999
1854 -4.61999
1855 -4.61999
1856 -4.61999
1857 -4.61999
1858 -4.61999
1859 -4.61999
1860 -4.61999
1861 -4.61999
1862 -4.61999
1863 -4.61999
1864 -4.61999
1865 -4.61999
1866 -4.61999
1867 -4.61999
1868 -4.61999
1869 -4.61999
1870 -4.61999
1871 -4.61999
1872 -4.61999
1873 -4.61999
1874 -4.61999
1875 -4.61999
1876 -4.61999
1877 -4.61999
1878 -4.61999
1879 -4.61999
1880 -4.61999
1881 -4.61999
1882 -4.61999
1883 -4.61999
1884 -4.61999
1885 -4.61999
1886 -4.61999
1887 -4.61999
1888 -4.61999
1889 -4.61999
1890 -4.61999
1891 -4.61999
1892 -4.61999
1893 -4.61999
1894 -4.61999
1895 -4.61999
1896 -4.61999
1897 -4.61999
1898 -4.61999
1899 -4.61999
1900 -4.61999
1901 -4.61999
1902 -4.61999
1903 -4.61999
1904 -4.61999
1905 -4.61999
1906 -4.61999
1907 -4.61999
1908 -4.61999
1909 -4.61999
1910 -4.61999
1911 -4.61999
1912 -4.61999
1913 -4.61999
1914 -4.61999
1915 -4.61999
1916 -4.61999
1917 -4.61999
1918 -4.61999
1919 -4.61999
1920 -4.61999
1921 -4.61999
1922 -4.61999
1923 -4.61999
1924 -4.61999
1925 -4.61999
1926 -4.61999
1927 -4.61999
1928 -4.61999
1929 -4.61999
1930 -4.61999
1931 -4.61999
1932 -4.61999
1933 -4.61999
1934 -4.61999
1935 -4.61999
1936 -4.61999
1937 -4.61999
1938 -4.61999
1939 -4.61999
1940 -4.61999
1941 -4.61999
1942 -4.61999
1943 -4.61999
1944 -4.61999
1945 -4.61999
1946 -4.61999
1947 -4.61999
1948 -4.61999
1949 -4.61999
1950 -4.61999
1951 -4.61999
1952 -4.61999
1953 -4.61999
1954 -4.61999
1955 -4.61999
1956 -4.61999
1957 -4.61999
1958 -4.61999
1959 -4.61999
1960 -4.61999
1961 -4.61999
1962 -4.61999
1963 -4.61999
1964 -4.61999
1965 -4.61999
1966 -4.61999
1967 -4.61999
1968 -4.61999
1969 -4.61999
1970 -4.61999
1971 -4.61999
1972 -4.61999
1973 -4.61999
1974 -4.61999
1975 -4.61999
1976 -4.61999
1977 -4.61999
1978 -4.61999
1979 -4.61999
1980 -4.61999
1981 -4.61999
1982 -4.61999
1983 -4.61999
1984 -4.61999
1985 -4.61999
1986 -4.61999
1987 -4.61999
1988 -4.61999
1989 -4.61999
1990 -4.61999
1991 -4.61999
1992 -4.61999
1993 -4.61999
1994 -4.61999
1995 -4.61999
1996 -4.61999
1997 -4.61999
1998 -4.61999
1999 -4.61999
2000 -4.61999
2001 -4.61999
2002 -4.61999
2003 -4.61999
2004 -4.61999
2005 -4.61999
2006 -4.61999
2007 -4.61999
2008 -4.61999
2009 -4.61999
2010 -4.61999
2011 -4.61999
2012 -4.61999
2013 -4.61999
2014 -4.61999
2015 -4.61999
2016 -4.61999
2017 -4.61999
2018 -4.61999
2019 -4.61999
2020 -4.61999
2021 -4.61999
2022 -4.61999
2023 -4.61999
2024 -4.61999
2025 -4.61999
2026 -4.61999
2027 -4.61999
2028 -4.61999
2029 -4.61999
2030 -4.61999
2031 -4.61999
2032 -4.61999
2033 -4.61999
2034 -4.61999
2035 -4.61999
2036 -4.61999
2037 -4.61999
2038 -4.61999
2039 -4.61999
2040 -4.61999
2041 -4.61999
2042 -4.61999
2043 -4.61999
2044 -4.61999
2045 -4.61999
2046 -4.61999
2047 -4.61999
2048 -4.61999
2049 -4.61999
2050 -4.61999
2051 -4.61999
2052 -4.61999
2053 -4.61999
2054 -4.61999
2055 -4.61999
2056 -4.61999
2057 -4.61999
2058 -4.61999
2059 -4.61999
2060 -4.61999
2061 -4.61999
2062 -4.61999
2063 -4.61999
2064 -4.61999
2065 -4.61999
2066 -4.61999
2067 -4.61999
2068 -4.61999
2069 -4.61999
2070 -4.61999
2071 -4.61999
2072 -4.61999
2073 -4.61999
2074 -4.61999
2075 -4.61999
2076 -4.61999
2077 -4.61999
2078 -4.61999
2079 -4.61999
2080 -4.61999
2081 -4.61999
2082 -4.61999
2083 -4.61999
2084 -4.61999
2085 -4.61999
2086 -4.61999
2087 -4.61999
2088 -4.61999
2089 -4.61999
2090 -4.61999
2091 -4.61999
2092 -4.61999
2093 -4.61999
2094 -4.61999
2095 -4.61999
2096 -4.61999
2097 -4.61999
2098 -4.61999
2099 -4.61999
2100 -4.61999
2101 -4.61999
2102 -4.61999
2103 -4.61999
2104 -4.61999
2105 -4.61999
2106 -4.61999
2107 -4.61999
2108 -4.61999
2109 -4.61999
2110 -4.61999
2111 -4.61999
2112 -4.61999
2113 -4.61999
2114 -4.61999
2115 -4.61999
2116 -4.61999
2117 -4.61999
2118 -4.61999
2119 -4.61999
2120 -4.61999
2121 -4.61999
2122 -4.61999
2123 -4.61999
2124 -4.61999
2125 -4.61999
2126 -4.61999
2127 -4.61999
2128 -4.61999
2129 -4.61999
2130 -4.61999
2131 -4.61999
2132 -4.61999
2133 -4.61999
2134 -4.61999
2135 -4.61999
2136 -4.61999
2137 -4.61999
2138 -4.61999
2139 -4.61999
2140 -4.61999
2141 -4.61999
2142 -4.61999
2143 -4.61999
2144 -4.61999
2145 -4.61999
2146 -4.61999
2147 -4.61999
2148 -4.61999
2149 -4.61999
2150 -4.61999
2151 -4.61999
2152 -4.61999
2153 -4.61999
2154 -4.61999
2155 -4.61999
2156 -4.61999
2157 -4.61999
2158 -4.61999
2159 -4.61999
2160 -4.61999
2161 -4.61999
2162 -4.61999
2163 -4.61999
2164 -4.61999
2165 -4.61999
2166 -4.61999
2167 -4.61999
2168 -4.61999
2169 -4.61999
2170 -4.61999
2171 -4.61999
2172 -4.61999
2173 -4.61999
2174 -4.61999
2175 -4.61999
2176 -4.61999
2177 -4.61999
2178 -4.61999
2179 -4.61999
2180 -4.61999
2181 -4.61999
2182 -4.61999
2183 -4.61999
2184 -4.61999
2185 -4.61999
2186 -4.61999
2187 -4.61999
2188 -4.61999
2189 -4.61999
2190 -4.61999
2191 -4.61999
2192 -4.61999
2193 -4.61999
2194 -4.61999
2195 -4.61999
2196 -4.61999
2197 -4.61999
2198 -4.61999
2199 -4.61999
2200 -4.61999
2201 -4.61999
2202 -4.61999
2203 -4.61999
2204 -4.61999
2205 -4.61999
2206 -4.61999
2207 -4.61999
2208 -4.61999
2209 -4.61999
2210 -4.61999
2211 -4.61999
2212 -4.61999
2213 -4.61999
2214 -4.61999
2215 -4.61999
2216 -4.61999
2217 -4.61999
2218 -4.61999
2219 -4.61999
2220 -4.61999
2221 -4.61999
2222 -4.61999
2223 -4.61999
2224 -4.61999
2225 -4.61999
2226 -4.61999
2227 -4.61999
2228 -4.61999
2229 -4.61999
2230 -4.61999
2231 -4.61999
2232 -4.61999
2233 -4.61999
2234 -4.61999
2235 -4.61999
2236 -4.61999
2237 -4.61999
2238 -4.61999
2239 -4.61999
2240 -4.61999
2241 -4.61999
2242 -4.61999
2243 -4.61999
2244 -4.61999
2245 -4.61999
2246 -4.61999
2247 -4.61999
2248 -4.61999
2249 -4.61999
2250 -4.61999
2251 -4.61999
2252 -4.61999
2253 -4.61999
2254 -4.61999
2255 -4.61999
2256 -4.61999
2257 -4.61999
2258 -4.61999
2259 -4.61999
2260 -4.61999
2261 -4.61999
2262 -4.61999
2263 -4.61999
2264 -4.61999
2265 -4.61999
2266 -4.61999
2267 -4.61999
2268 -4.61999
2269 -4.61999
2270 -4.61999
2271 -4.61999
2272 -4.61999
2273 -4.61999
2274 -4.61999
2275 -4.61999
2276 -4.61999
2277 -4.61999
2278 -4.61999
2279 -4.61999
2280 -4.61999
2281 -4.61999
2282 -4.61999
2283 -4.61999
2284 -4.61999
2285 -4.61999
2286 -4.61999
2287 -4.61999
2288 -4.61999
2289 -4.61999
2290 -4.61999
2291 -4.61999
2292 -4.61999
2293 -4.61999
2294 -4.61999
2295 -4.61999
2296 -4.61999
2297 -4.61999
2298 -4.61999
2299 -4.61999
2300 -4.61999
2301 -4.61999
2302 -4.61999
2303 -4.61999
2304 -4.61999
2305 -4.61999
2306 -4.61999
2307 -4.61999
2308 -4.61999
2309 -4.61999
2310 -4.61999
2311 -4.61999
2312 -4.61999
2313 -4.61999
2314 -4.61999
2315 -4.61999
2316 -4.61999
2317 -4.61999
2318 -4.61999
2319 -4.61999
2320 -4.61999
2321 -4.61999
2322 -4.61999
2323 -4.61999
2324 -4.61999
2325 -4.61999
2326 -4.61999
2327 -4.61999
2328 -4.61999
2329 -4.61999
2330 -4.61999
2331 -4.61999
2332 -4.61999
2333 -4.61999
2334 -4.61999
2335 -4.61999
2336 -4.61999
2337 -4.61999
2338 -4.61999
2339 -4.61999
2340 -4.61999
2341 -4.61999
2342 -4.61999
2343 -4.61999
2344 -4.61999
2345 -4.61999
2346 -4.61999
2347 -4.61999
2348 -4.61999
2349 -4.61999
2350 -4.61999
2351 -4.61999
2352 -4.61999
2353 -4.61999
2354 -4.61999
2355 -4.61999
2356 -4.61999
2357 -4.61999
2358 -4.61999
2359 -4.61999
2360 -4.61999
2361 -4.61999
2362 -4.61999
2363 -4.61999
2364 -4.61999
2365 -4.61999
2366 -4.61999
2367 -4.61999
2368 -4.61999
2369 -4.61999
2370 -4.61999
2371 -4.61999
2372 -4.61999
2373 -4.61999
2374 -4.61999
2375 -4.61999
2376 -4.61999
2377 -4.61999
2378 -4.61999
2379 -4.61999
2380 -4.61999
2381 -4.61999
2382 -4.61999
2383 -4.61999
2384 -4.61999
2385 -4.61999
2386 -4.61999
2387 -4.61999
2388 -4.61999
2389 -4.61999
2390 -4.61999
2391 -4.61999
2392 -4.61999
2393 -4.61999
2394 -4.61999
2395 -4.61999
2396 -4.61999
2397 -4.61999
2398 -4.61999
2399 -4.61999
2400 -4.61999
2401 -4.61999
2402 -4.61999
2403 -4.61999
2404 -4.61999
2405 -4.61999
2406 -4.61999
2407 -4.61999
2408 -4.61999
2409 -4.61999
2410 -4.61999
2411 -4.61999
2412 -4.61999
2413 -4.61999
2414 -4.61999
2415 -4.61999
2416 -4.61999
2417 -4.61999
2418 -4.61999
2419 -4.61999
2420 -4.61999
2421 -4.61999
2422 -4.61999
2423 -4.61999
2424 -4.61999
2425 -4.61999
2426 -4.61999
2427 -4.61999
2428 -4.61999
2429 -4.61999
2430 -4.61999
2431 -4.61999
2432 -4.61999
2433 -4.61999
2434 -4.61999
2435 -4.61999
2436 -4.61999
2437 -4.61999
2438 -4.61999
2439 -4.61999
2440 -4.61999
2441 -4.61999
2442 -4.61999
2443 -4.61999
2444 -4.61999
2445 -4.61999
2446 -4.61999
2447 -4.61999
2448 -4.61999
2449 -4.61999
2450 -4.61999
2451 -4.61999
2452 -4.61999
2453 -4.61999
2454 -4.61999
2455 -4.61999
2456 -4.61999
2457 -4.61999
2458 -4.61999
2459 -4.61999
2460 -4.61999
2461 -4.61999
2462 -4.61999
2463 -4.61999
2464 -4.61999
2465 -4.61999
2466 -4.61999
2467 -4.61999
2468 -4.61999
2469 -4.61999
2470 -4.61999
2471 -4.61999
2472 -4.61999
2473 -4.61999
2474 -4.61999
2475 -4.61999
2476 -4.61999
2477 -4.61999
2478 -4.61999
2479 -4.61999
2480 -4.61999
2481 -4.61999
2482 -4.61999
2483 -4.61999
2484 -4.61999
2485 -4.61999
2486 -4.61999
2487 -4.61999
2488 -4.61999
2489 -4.61999
2490 -4.61999
2491 -4.61999
2492 -4.61999
2493 -4.61999
2494 -4.61999
2495 -4.61999
2496 -4.61999
2497 -4.61999
2498 -4.61999
2499 -4.61999
2500 -4.61999
2501 -4.61999
2502 -4.61999
2503 -4.61999
2504 -4.61999
2505 -4.61999
2506 -4.61999
2507 -4.61999
2508 -4.61999
2509 -4.61999
2510 -4.61999
2511 -4.61999
2512 -4.61999
2513 -4.61999
2514 -4.61999
2515 -4.61999
2516 -4.61999
2517 -4.61999
2518 -4.61999
2519 -4.61999
2520 -4.61999
2521 -4.61999
2522 -4.61999
2523 -4.61999
2524 -4.61999
2525 -4.61999
2526 -4.61999
2527 -4.61999
2528 -4.61999
2529 -4.61999
2530 -4.61999
2531 -4.61999
2532 -4.61999
2533 -4.61999
2534 -4.61999
2535 -4.61999
2536 -4.61999
2537 -4.61999
2538 -4.61999
2539 -4.61999
2540 -4.61999
2541 -4.61999
2542 -4.61999
2543 -4.61999
2544 -4.61999
2545 -4.61999
2546 -4.61999
2547 -4.61999
2548 -4.61999
2549 -4.61999
2550 -4.61999
2551 -4.61999
2552 -4.61999
2553 -4.61999
2554 -4.61999
2555 -4.61999
2556 -4.61999
2557 -4.61999
2558 -4.61999
2559 -4.61999
2560 -4.61999
2561 -4.61999
2562 -4.61999
2563 -4.61999
2564 -4.61999
2565 -4.61999
2566 -4.61999
2567 -4.61999
2568 -4.61999
2569 -4.61999
2570 -4.61999
2571 -4.61999
2572 -4.61999
2573 -4.61999
2574 -4.61999
2575 -4.61999
2576 -4.61999
2577 -4.61999
2578 -4.61999
2579 -4.61999
2580 -4.61999
2581 -4.61999
2582 -4.61999
2583 -4.61999
2584 -4.61999
2585 -4.61999
2586 -4.61999
2587 -4.61999
2588 -4.61999
2589 -4.61999
2590 -4.61999
2591 -4.61999
2592 -4.61999
2593 -4.61999
2594 -4.61999
2595 -4.61999
2596 -4.61999
2597 -4.61999
2598 -4.61999
2599 -4.61999
2600 -4.61999
2601 -4.61999
2602 -4.61999
2603 -4.61999
2604 -4.61999
2605 -4.61999
2606 -4.61999
2607 -4.61999
2608 -4.61999
2609 -4.61999
2610 -4.61999
2611 -4.61999
2612 -4.61999
2613 -4.61999
2614 -4.61999
2615 -4.61999
2616 -4.61999
2617 -4.61999
2618 -4.61999
2619 -4.61999
2620 -4.61999
2621 -4.61999
2622 -4.61999
2623 -4.61999
2624 -4.61999
2625 -4.61999
2626 -4.61999
2627 -4.61999
2628 -4.61999
2629 -4.61999
2630 -4.61999
2631 -4.61999
2632 -4.61999
2633 -4.61999
2634 -4.61999
2635 -4.61999
2636 -4.61999
2637 -4.61999
2638 -4.61999
2639 -4.61999
2640 -4.61999
2641 -4.61999
2642 -4.61999
2643 -4.61999
2644 -4.61999
2645 -4.61999
2646 -4.61999
2647 -4.61999
2648 -4.61999
2649 -4.61999
2650 -4.61999
2651 -4.61999
2652 -4.61999
2653 -4.61999
2654 -4.61999
2655 -4.61999
2656 -4.61999
2657 -4.61999
2658 -4.61999
2659 -4.61999
2660 -4.61999
2661 -4.61999
2662 -4.61999
2663 -4.61999
2664 -4.61999
2665 -4.61999
2666 -4.61999
2667 -4.61999
2668 -4.61999
2669 -4.61999
2670 -4.61999
2671 -4.61999
2672 -4.61999
2673 -4.61999
2674 -4.61999
2675 -4.61999
2676 -4.61999
2677 -4.61999
2678 -4.61999
2679 -4.61999
2680 -4.61999
2681 -4.61999
2682 -4.61999
2683 -4.61999
2684 -4.61999
2685 -4.61999
2686 -4.61999
2687 -4.61999
2688 -4.61999
2689 -4.61999
2690 -4.61999
2691 -4.61999
2692 -4.61999
2693 -4.61999
2694 -4.61999
2695 -4.61999
2696 -4.61999
2697 -4.61999
2698 -4.61999
2699 -4.61999
2700 -4.61999
2701 -4.61999
2702 -4.61999
2703 -4.61999
2704 -4.61999
2705 -4.61999
2706 -4.61999
2707 -4.61999
2708 -4.61999
2709 -4.61999
2710 -4.61999
2711 -4.61999
2712 -4.61999
2713 -4.61999
2714 -4.61999
2715 -4.61999
2716 -4.61999
2717 -4.61999
2718 -4.61999
2719 -4.61999
2720 -4.61999
2721 -4.61999
2722 -4.61999
2723 -4.61999
2724 -4.61999
2725 -4.61999
2726 -4.61999
2727 -4.61999
2728 -4.61999
2729 -4.61999
2730 -4.61999
2731 -4.61999
2732 -4.61999
2733 -4.61999
2734 -4.61999
2735 -4.61999
2736 -4.61999
2737 -4.61999
2738 -4.61999
2739 -4.61999
2740 -4.61999
2741 -4.61999
2742 -4.61999
2743 -4.61999
2744 -4.61999
2745 -4.61999
2746 -4.61999
2747 -4.61999
2748 -4.61999
2749 -4.61999
2750 -4.61999
2751 -4.61999
2752 -4.61999
2753 -4.61999
2754 -4.61999
2755 -4.61999
2756 -4.61999
2757 -4.61999
2758 -4.61999
2759 -4.61999
2760 -4.61999
2761 -4.61999
2762 -4.61999
2763 -4.61999
2764 -4.61999
2765 -4.61999
2766 -4.61999
2767 -4.61999
2768 -4.61999
2769 -4.61999
2770 -4.61999
2771 -4.61999
2772 -4.61999
2773 -4.61999
2774 -4.61999
2775 -4.61999
2776 -4.61999
2777 -4.61999
2778 -4.61999
2779 -4.61999
2780 -4.61999
2781 -4.61999
2782 -4.61999
2783 -4.61999
2784 -4.61999
2785 -4.61999
2786 -4.61999
2787 -4.61999
2788 -4.61999
2789 -4.61999
2790 -4.61999
2791 -4.61999
2792 -4.61999
2793 -4.61999
2794 -4.61999
2795 -4.61999
2796 -4.61999
2797 -4.61999
2798 -4.61999
2799 -4.61999
2800 -4.61999
2801 -4.61999
2802 -4.61999
2803 -4.61999
2804 -4.61999
2805 -4.61999
2806 -4.61999
2807 -4.61999
2808 -4.61999
2809 -4.61999
2810 -4.61999
2811 -4.61999
2812 -4.61999
2813 -4.61999
2814 -4.61999
2815 -4.61999
2816 -4.61999
2817 -4.61999
2818 -4.61999
2819 -4.61999
2820 -4.61999
2821 -4.61999
2822 -4.61999
2823 -4.61999
2824 -4.61999
2825 -4.61999
2826 -4.61999
2827 -4.61999
2828 -4.61999
2829 -4.61999
2830 -4.61999
2831 -4.61999
2832 -4.61999
2833 -4.61999
2834 -4.61999
2835 -4.61999
2836 -4.61999
2837 -4.61999
2838 -4.61999
2839 -4.61999
2840 -4.61999
2841 -4.61999
2842 -4.61999
2843 -4.61999
2844 -4.61999
2845 -4.61999
2846 -4.61999
2847 -4.61999
2848 -4.61999
2849 -4.61999
2850 -4.61999
2851 -4.61999
2852 -4.61999
2853 -4.61999
2854 -4.61999
2855 -4.61999
2856 -4.61999
2857 -4.61999
2858 -4.61999
2859 -4.61999
2860 -4.61999
2861 -4.61999
2862 -4.61999
2863 -4.61999
2864 -4.61999
2865 -4.61999
2866 -4.61999
2867 -4.61999
2868 -4.61999
2869 -4.61999
2870 -4.61999
2871 -4.61999
2872 -4.61999
2873 -4.61999
2874 -4.61999
2875 -4.61999
2876 -4.61999
2877 -4.61999
2878 -4.61999
2879 -4.61999
2880 -4.61999
2881 -4.61999
2882 -4.61999
2883 -4.61999
2884 -4.61999
2885 -4.61999
2886 -4.61999
2887 -4.61999
2888 -4.61999
2889 -4.61999
2890 -4.61999
2891 -4.61999
2892 -4.61999
2893 -4.61999
2894 -4.61999
2895 -4.61999
2896 -4.61999
2897 -4.61999
2898 -4.61999
2899 -4.61999
2900 -4.61999
2901 -4.61999
2902 -4.61999
2903 -4.61999
2904 -4.61999
2905 -4.61999
2906 -4.61999
2907 -4.61999
2908 -4.61999
2909 -4.61999
2910 -4.61999
2911 -4.61999
2912 -4.61999
2913 -4.61999
2914 -4.61999
2915 -4.61999
2916 -4.61999
2917 -4.61999
2918 -4.61999
2919 -4.61999
2920 -4.61999
2921 -4.61999
2922 -4.61999
2923 -4.61999
2924 -4.61999
2925 -4.61999
2926 -4.61999
2927 -4.61999
2928 -4.61999
2929 -4.61999
2930 -4.61999
2931 -4.61999
2932 -4.61999
2933 -4.61999
2934 -4.61999
2935 -4.61999
2936 -4.61999
2937 -4.61999
2938 -4.61999
2939 -4.61999
2940 -4.61999
2941 -4.61999
2942 -4.61999
2943 -4.61999
2944 -4.61999
2945 -4.61999
2946 -4.61999
2947 -4.61999
2948 -4.61999
2949 -4.61999
2950 -4.61999
2951 -4.61999
2952 -4.61999
2953 -4.61999
2954 -4.61999
2955 -4.61999
2956 -4.61999
2957 -4.61999
2958 -4.61999
2959 -4.61999
2960 -4.61999
2961 -4.61999
2962 -4.61999
2963 -4.61999
2964 -4.61999
2965 -4.61999
2966 -4.61999
2967 -4.61999
2968 -4.61999
2969 -4.61999
2970 -4.61999
2971 -4.61999
2972 -4.61999
2973 -4.61999
2974 -4.61999
2975 -4.61999
2976 -4.61999
2977 -4.61999
2978 -4.61999
2979 -4.61999
2980 -4.61999
2981 -4.61999
2982 -4.61999
2983 -4.61999
2984 -4.61999
2985 -4.61999
2986 -4.61999
2987 -4.61999
2988 -4.61999
2989 -4.61999
2990 -4.61999
2991 -4.61999
2992 -4.61999
2993 -4.61999
2994 -4.61999
2995 -4.61999
2996 -4.61999
2997 -4.61999
2998 -4.61999
2999 -4.61999
